 seed  iterations  status     objective           primal        wall (ms)   
  1       228       true    3.57536659e+00    4.33297842e-12     639.3      
  2       247       true    2.27297827e+00    5.97299987e-14     710.7      
  3       185       true    4.24650602e+00    6.80229206e-11     560.5      
  4       216       true    2.36137287e+00    1.81743509e-13     645.1      
  5       221       true    4.94756769e+00    1.99169570e-11     642.7      
  6       193       true    1.00772515e+00    9.70890035e-13     550.8      
  7       217       true    5.13193026e+00    3.44724249e-13     693.0      
  8       348       true    3.45672246e+00    1.90732541e-10     990.7      
  9       219       true    4.80135627e+00    2.35064190e-11     585.2      
 10       252       true    4.37398496e+00    3.80945275e-15     697.4      
 11       346       true    3.76050552e+00    6.47740417e-10     993.9      
 12       201       true    4.85068258e+00    2.38520315e-10     604.5      
 13       163       true    1.54424728e+00    1.00269792e-11     478.5      
 14       253       true    1.87346230e+00    2.02196260e-10     758.8      
 15       208       true    3.85001638e+00    3.16902060e-11     613.3      
 16       283       true    2.59380926e+00    3.09197112e-14     816.6      
 17       302       true    3.34190085e+00    2.99871239e-13     911.7      
 18       208       true    4.12530927e+00    4.02344824e-13     611.9      
 19       350       true    3.29182816e+00    4.75874895e-12     1026.7      
 20       219       true    1.26310472e+00    3.70814490e-14     610.2      
 21       326       true    2.10748887e+00    2.43249865e-13     986.9      
 22       284       true    5.06593629e+00    4.58511007e-12     861.2      
 23       191       true    1.90882899e+00    1.11022302e-15     562.0      
 24       241       true    2.51371349e+00    1.17248433e-11     691.3      
 25       233       true    5.56076988e+00    1.44917411e-12     693.7      
 26       205       true    1.77656533e+00    5.71365177e-12     586.9      
 27       274       true    2.33076222e+00    1.84829929e-12     767.0      
 28       243       true    2.27610839e+00    3.71999653e-11     706.1      
 29       229       true    1.75948830e+00    2.73558953e-13     675.1      
 30       189       true    3.97122366e+00    3.41537909e-12     564.6      
 31       220       true    4.49895497e+00    8.84214924e-12     697.8      
 32       214       true    1.20718970e+00    1.80416793e-12     619.4      
 33       160       true    5.26391965e+00    4.40966708e-13     468.6      
 34       196       true    1.92658563e+00    1.89070981e-12     553.4      
 35       192       true    3.79101738e+00    5.06261699e-14     577.5      
 36       357       true    3.98574329e+00    3.10751425e-12     1020.9      
 37       217       true    5.31885466e+00    1.04107833e-11     642.9      
 38       239       true    1.70330634e+00    2.82323054e-11     710.5      
 39       244       true    1.72529606e+00    5.26246047e-10     700.3      
 40       208       true    3.37327042e+00    6.78207490e-14     610.4      
 41       239       true    3.06069952e+00    1.03170805e-11     693.8      
 42       248       true    4.31648276e+00    9.73160441e-12     720.7      
 43       257       true    4.40590262e+00    1.22344912e-10     730.8      
 44       225       true    4.37750476e+00    2.41895393e-12     657.7      
 45       183       true    2.34683200e+00    5.82867088e-15     543.9      
 46       214       true    2.23288024e+00    9.64206492e-12     610.6      
 47       359       true    4.59354100e+00    3.03090886e-14     1172.3      
 48       186       true    3.68155733e+00    8.44380121e-12     538.7      
 49       194       true    2.46007951e+00    5.14704945e-12     565.0      
 50       219       true    3.17645837e+00    4.58694194e-12     627.4      
 51       275       true    5.20537942e+00    1.78856929e-12     809.6      
 52       203       true    5.23736143e+00    6.99207636e-11     591.9      
 53       260       true    5.56321861e+00    3.01980663e-14     826.0      
 54       298       true    1.42411437e+00    4.37618830e-11     835.4      
 55       252      false    1.71249686e+00    2.22044605e-16     768.9      
 56       182       true    1.97951940e+00    1.22236665e-11     536.8      
 57       295       true    3.03136135e+00    6.14338441e-13     823.2      
 58       238       true    5.07796354e+00    2.41617837e-11     697.1      
 59       254       true    3.00592850e+00    1.29860567e-11     746.9      
 60       186       true    2.91519321e+00    8.49176285e-12     545.8      
 61       267       true    1.19208105e+00    4.77273776e-12     769.0      
 62       221       true    4.32106959e+00    6.40754116e-11     654.9      
 63       177       true    1.74446784e+00    9.62939728e-11     495.7      
 64       265       true    2.73808816e+00    3.07541770e-10     808.7      
 65       318       true    5.16856679e+00    1.66846092e-10     904.0      
 66       215       true    6.58527273e+00    3.48765461e-12     628.5      
 67       283       true    6.03760331e+00    3.06155101e-12     829.7      
 68       228       true    7.05519560e+00    2.55951510e-13     666.5      
 69       220       true    2.31330108e+00    6.38822328e-13     637.6      
 70       218       true    2.43342633e+00    2.44249065e-15     610.8      
 71       208       true    2.82420777e+00    1.49967400e-11     612.1      
 72       255       true    1.60441731e+00    1.06803455e-13     734.1      
 73       188       true    4.16105814e+00    2.72035727e-11     553.9      
 74       191       true    1.11449640e+00    3.82144316e-11     560.0      
 75       215       true    1.22912091e+00    6.19748697e-12     604.9      
 76       217       true    5.19023987e+00    7.67919062e-12     636.5      
 77       233       true    3.55619419e+00    5.67336178e-10     656.3      
 78       361       true    2.14609511e+00    1.27675648e-13     1123.6      
 79       238       true    3.70849545e+00    7.81833487e-11     683.2      
 80       300       true    4.99088760e+00    2.60845900e-10     833.8      
 81       246       true    3.50515208e+00    7.99360578e-15     707.5      
 82       229       true    4.92799339e+00    2.97539771e-14     693.1      
 83       265       true    3.56087743e+00    1.90339966e-11     736.7      
 84       321       true    4.76796399e+00    2.32225350e-12     984.3      
 85       225       true    4.98801892e+00    4.21801483e-13     651.7      
 86       321       true    3.10273542e+00    9.23724985e-11     929.9      
 87       288       true    2.59142434e+00    2.85327317e-13     834.1      
 88       354       true    3.41366835e+00    7.03148650e-12     1009.5      
 89       219       true    4.07851849e+00    1.21597985e-10     631.3      
 90       228       true    4.25558097e+00    2.98905345e-12     673.8      
 91       238       true    4.05206951e+00    3.83733045e-11     708.5      
 92       264       true    1.12630450e+01    2.85993451e-13     740.2      
 93       234       true    2.16814074e+00    7.79987186e-12     658.3      
 94       191       true    4.10571622e+00    3.43586617e-12     551.2      
 95       247       true    5.10862902e+00    7.87592214e-12     714.7      
 96       225       true    1.73813255e+00    1.99840144e-14     638.0      
 97       312       true    2.87599642e+00    1.31211014e-13     893.6      
 98       231       true    5.30691821e+00    3.70037334e-13     625.7      
 99       182       true    3.52039758e+00    9.73510161e-12     533.7      
 100       273       true    5.25129318e+00    4.25770530e-13     798.4      
