 seed  iterations  status     objective           primal        wall (ms)  
  1      3000      false    1.33465276e+00    1.01897192e-04     22828.5      
  2      3000      false    9.14769289e-01    4.79964359e-06     24224.3      
  3      3000      false    1.57073313e+00    2.04357415e-04     24001.9      
  4      3000      false    1.29977382e+00    2.41424162e-05     24255.4      
  5      3000      false    1.18606983e+00    1.75627820e-05     24311.1      
  6      3000      false    1.70250942e+00    2.52800984e-06     24451.1      
  7      3000      false    1.55256199e+00    1.66485899e-05     23920.5      
  8      3000      false    1.84888649e+00    1.07327043e-03     25391.5      
  9      3000      false    1.13650927e+00    1.25538728e-05     24392.1      
 10      3000      false    7.52286495e-01    9.86440983e-06     24864.3      
 11      3000      false    5.78265996e+00    7.81496897e-06     26525.7      
 12      3000      false    1.53207276e+00    6.16214012e-05     25017.7      
 13      3000      false    1.55545926e+00    4.46024823e-05     24425.0      
 14      3000      false    2.91035429e+00    3.48413898e-04     24882.3      
 15      3000      false    4.96304584e+00    5.62165362e-05     23597.9      
 16      3000      false    3.73965114e+00    3.54073812e-05     24789.5      
 17      3000      false    1.52562634e+00    1.62803769e-05     24518.6      
 18      3000      false    1.08311751e+00    5.93905267e-04     23785.7      
 19      3000      false    1.56979058e+00    3.51958861e-05     24651.1      
 20      3000      false    4.23729984e+00    1.31068479e-04     24640.7      
 21      3000      false    2.56017480e+00    4.40654573e-04     24678.3      
 22      3000      false    1.04378142e+00    9.33425715e-04     24849.1      
 23      3000      false    1.11910259e+00    1.39107657e-06     24460.3      
 24      3000      false    4.38823273e+00    2.62898951e-04     25054.7      
 25      3000      false    2.62904415e+00    1.17247136e-03     23530.4      
 26      3000      false    1.51367847e+00    1.58058665e-03     23916.5      
 27      3000      false    8.29905513e-01    1.13829171e-04     24306.7      
 28      3000      false    4.61456425e+00    7.23702031e-05     24862.1      
 29      3000      false    3.39555177e+00    2.46547573e-05     24763.2      
 30      3000      false    1.34979495e+00    1.16196566e-04     24116.1      
 31      3000      false    3.62364611e+00    6.57421861e-05     24989.7      
 32      3000      false    2.33290033e+00    3.45489576e-04     24672.9      
 33      3000      false    4.55089995e+00    1.15448855e-04     25777.9      
 34      3000      false    1.10124057e+00    5.20013817e-05     24290.6      
 35      3000      false    1.27778302e+00    1.25550350e-04     23293.7      
 36      3000      false    1.06623742e+00    6.09293583e-06     24024.1      
 37      3000      false    2.36926796e+00    2.75355413e-04     24354.5      
 38      3000      false    2.36212359e+00    3.18076611e-04     24725.7      
 39      3000      false    1.09629214e+00    6.76967720e-05     23983.8      
 40      3000      false    1.10998191e+00    3.96670069e-06     24617.0      
 41      3000      false    3.90560388e+00    2.13164769e-05     25139.6      
 42      3000      false    1.35356084e+00    6.04341580e-04     24015.1      
 43      3000      false    2.30821507e+00    4.61897806e-05     23223.9      
 44      3000      false    1.03317331e+00    1.56311037e-05     23800.5      
 45      3000      false    1.02257916e+00    5.54474284e-06     24011.0      
 46      3000      false    1.25002099e+00    2.46484364e-07     24305.7      
 47      3000      false    3.90492153e+00    3.84510132e-05     25360.1      
 48      3000      false    1.02638858e+00    1.96669661e-05     24680.3      
 49      3000      false    1.75039774e+00    5.67474312e-04     23913.9      
 50      3000      false    3.05617770e+00    1.79146119e-05     24166.4      
 51      3000      false    1.75243837e+00    4.17074459e-05     23760.0      
 52      3000      false    1.16420758e+00    1.17672033e-04     24219.6      
 53      3000      false    3.55359467e+00    2.83811107e-06     23481.3      
 54      3000      false    3.73178758e+00    3.55140025e-05     25513.1      
 55      3000      false    1.32610940e+00    1.90148334e-08     23191.6      
 56      3000      false    1.13393240e+00    8.36475037e-07     23596.2      
 57      3000      false    9.18265275e-01    1.44454926e-06     24301.3      
 58      3000      false    1.08724212e+00    4.60774747e-07     23864.2      
 59      3000      false    1.57427410e+00    1.79300430e-04     24355.7      
 60      3000      false    1.03501249e+00    1.45449973e-06     23707.0      
 61      3000      false    2.65780658e+00    8.49817426e-05     23565.8      
 62      3000      false    3.03537022e+00    1.98589717e-04     25385.8      
 63      3000      false    1.13262977e+00    2.66211021e-04     24246.9      
 64      3000      false    1.76687528e+00    1.45763387e-04     23481.8      
 65      3000      false    1.03291201e+00    9.18353436e-05     24139.5      
 66      3000      false    1.21080561e+00    6.23737297e-06     23945.8      
 67      3000      false    1.51530663e+00    8.16118332e-05     24053.5      
 68      3000      false    1.19522967e+00    9.33418115e-09     24285.9      
 69      3000      false    3.09434694e+00    2.56328355e-05     23659.2      
 70      3000      false    1.10479031e+00    5.47387740e-07     23936.7      
 71      3000      false    1.05371605e+00    1.72549515e-05     23993.0      
 72      3000      false    4.98896714e+00    1.42579331e-05     25155.8      
 73      3000      false    1.64419843e+00    5.44153842e-06     23647.0      
 74      3000      false    1.38981798e+00    4.80330509e-05     24367.3      
 75      3000      false    2.83924274e+00    3.66620923e-04     24903.2      
 76      3000      false    4.78496745e+00    1.32435419e-04     25590.5      
 77      3000      false    4.20477506e+00    3.02668091e-05     23862.9      
 78      3000      false    1.09292698e+00    1.66479780e-03     24509.1      
 79      3000      false    1.00764157e+00    1.67419885e-06     24819.8      
 80      3000      false    1.00062267e+00    4.78975646e-05     24367.7      
 81      3000      false    1.24707379e+00    3.58145343e-05     24222.8      
 82      3000      false    1.67750055e+00    1.05414345e-04     24937.7      
 83      3000      false    1.30339141e+00    1.25439345e-04     24306.4      
 84      3000      false    1.53011788e+00    1.86221546e-04     23444.5      
 85      3000      false    1.10609022e+00    4.34799649e-06     24368.2      
 86      3000      false    3.24117456e+00    1.27994674e-04     25859.8      
 87      3000      false    1.00874230e+00    3.28467056e-05     23581.6      
 88      3000      false    1.40182484e+00    2.92220947e-04     24788.0      
 89      3000      false    2.76292370e+00    4.69044678e-05     25247.4      
 90      3000      false    6.44970436e+00    2.51482322e-03     25185.7      
 91      3000      false    1.08170590e+00    1.57168086e-06     24318.0      
 92      3000      false    2.59825675e+00    1.99277401e-04     25150.8      
 93      3000      false    1.26290393e+00    3.86957299e-04     24795.7      
 94      3000      false    3.83127839e+00    3.62245992e-05     24922.4      
 95      3000      false    1.96367069e+00    3.78202720e-04     24819.6      
 96      3000      false    1.84343031e+00    1.69959753e-03     26008.9      
 97      3000      false    1.82078765e+00    7.50268157e-05     24423.4      
 98      3000      false    1.23900553e+00    1.96708630e-04     23899.2      
 99      3000      false    3.14340252e+00    6.54276550e-05     24644.5      
 100      3000      false    2.76939248e+00    1.49558706e-03     24096.7      
