 seed  iterations  status     objective           primal        wall (ms)  
  1        81       true    4.36551689e+00    2.22044605e-16     105.4     
  2       102       true    2.02888198e+00    3.77475828e-15     122.4     
  3        86       true    4.08041032e+00    2.22044605e-16     116.1     
  4        72       true    2.27150106e+00    2.27595720e-15      94.5     
  5        76       true    1.17661571e+00    7.35522754e-16      94.8     
  6        78       true    1.00229591e+00    2.44693155e-13     103.2     
  7       102       true    2.65778093e+00    1.81687998e-13     129.2     
  8        67       true    3.40150893e+00    2.22044605e-16      92.8     
  9        89       true    1.81349263e+00    2.22044605e-16     113.3     
 10        74       true    2.54914993e+00    2.22044605e-16      99.3     
 11        83       true    1.82325782e+00    2.22044605e-16     109.5     
 12       113       true    2.10721466e+00    2.77555756e-15     147.2     
 13        56       true    1.50051590e+00    7.28639371e-13      80.4     
 14        93       true    1.25653070e+00    2.22044605e-16     123.0     
 15        61       true    3.75816377e+00    2.22044605e-16      78.9     
 16       102       true    1.99857460e+00    8.24340596e-15     124.4     
 17        90       true    3.05772665e+00    3.99680289e-15     114.6     
 18        78       true    9.66953320e-01    4.27280433e-12      95.8     
 19       100       true    2.31168373e+00    2.22044605e-16     131.1     
 20        76       true    1.22389937e+00    2.22044605e-16      92.3     
 21        74       true    2.00699091e+00    2.22044605e-16      98.5     
 22        88       true    1.46730617e+00    3.83582055e-14     112.9     
 23        64       true    1.86037017e+00    4.62130334e-15      86.4     
 24        99       true    2.37057701e+00    7.74935671e-12     123.1     
 25       126       true    2.15306414e+00    1.02140518e-14     173.6     
 26        86       true    1.67075030e+00    4.16644497e-12     111.1     
 27       106       true    1.20041898e+00    1.79101178e-12     147.4     
 28        76       true    2.16293979e+00    2.22044605e-16      99.6     
 29        74       true    1.51507807e+00    3.63042929e-14      87.0     
 30        88       true    1.17001106e+00    1.26454403e-13     107.2     
 31        83       true    2.21319596e+00    2.22044605e-16     110.9     
 32        79       true    1.17284925e+00    5.32282551e-13     105.4     
 33        76       true    5.07700656e+00    2.44249065e-15     102.0     
 34        84       true    1.87040170e+00    2.22044605e-16     112.1     
 35        87       true    1.82144268e+00    2.22044605e-16     114.1     
 36       103       true    2.61859916e+00    3.20354854e-12     129.2     
 37        81       true    1.86852518e+00    1.54580515e-12     107.4     
 38        67       true    1.65884434e+00    2.38434272e-13      87.2     
 39        84       true    1.59747756e+00    2.22044605e-16     110.4     
 40        73       true    1.38796099e+00    3.84692278e-13      97.6     
 41        82       true    2.57162413e+00    1.74513182e-15     109.4     
 42        69       true    1.40949913e+00    2.22044605e-16      90.6     
 43        70       true    1.53419649e+00    2.22044605e-16      92.1     
 44        79       true    1.35760548e+00    2.22044605e-16      99.9     
 45        59       true    2.23593711e+00    2.22044605e-16      79.4     
 46        79       true    2.16837602e+00    2.22044605e-16     103.6     
 47        87       true    1.66961660e+00    6.07847106e-15     124.4     
 48        70       true    3.57681281e+00    7.77156117e-16      92.7     
 49        86       true    2.25460372e+00    3.35494826e-12     112.1     
 50        88       true    1.86012610e+00    2.22044605e-16     119.2     
 51        67       true    1.28923256e+00    2.22044605e-16      85.9     
 52       164       true    3.92056468e+00    2.22044605e-16     241.2     
 53        80       true    1.66784576e+00    2.22044605e-16     100.6     
 54        62       true    1.34413071e+00    2.77555756e-15      71.9     
 55        81       true    1.62320417e+00    2.22044605e-16     104.4     
 56        67       true    1.85598455e+00    2.45470311e-13      85.6     
 57        82       true    2.77606853e+00    2.22044605e-16     108.0     
 58       102       true    1.95944086e+00    2.22044605e-16     134.9     
 59        94       true    1.20137125e+00    6.66133815e-16     112.9     
 60        90       true    1.81253258e+00    2.22044605e-16     118.5     
 61        86       true    1.09746020e+00    9.39054390e-13     107.1     
 62        74       true    1.72096331e+00    2.22044605e-16      94.2     
 63        76       true    1.67479683e+00    1.84574578e-15     101.0     
 64       118       true    1.42381397e+00    2.22044605e-16     153.6     
 65        81       true    2.85861110e+00    2.22044605e-16     112.4     
 66       136       true    1.51690018e+00    2.29816166e-14     184.5     
 67        74       true    2.48678316e+00    2.22044605e-16      92.4     
 68        88       true    2.53358819e+00    2.22044605e-16     109.3     
 69       115       true    2.27591202e+00    7.66053887e-14     153.5     
 70       108       true    1.98187155e+00    1.42247325e-13     132.3     
 71        82       true    1.48948192e+00    2.75779399e-13     104.5     
 72        80       true    1.78993483e+00    2.22044605e-16     102.6     
 73        68       true    4.02368260e+00    2.22044605e-16      88.3     
 74        62       true    1.10062727e+00    8.89288643e-13      79.7     
 75        70       true    1.20194641e+00    2.22044605e-16      81.6     
 76        74       true    1.56902559e+00    2.22044605e-16     100.1     
 77        96       true    1.67218273e+00    9.05941988e-14     130.8     
 78        84       true    1.91051621e+00    2.22044605e-16     111.7     
 79        89       true    2.65776330e+00    7.10542736e-15     109.2     
 80       107       true    2.07893634e+00    2.22044605e-16     130.8     
 81       103       true    3.22954917e+00    2.22044605e-16     129.3     
 82       113       true    1.92002187e+00    6.73905376e-14     146.2     
 83        76       true    3.44960650e+00    2.44249065e-15     102.9     
 84        85       true    2.04980848e+00    3.99680289e-15     113.9     
 85        73       true    3.49769521e+00    8.88178420e-16      87.4     
 86        67       true    1.05542143e+00    1.33226763e-15      90.4     
 87        98       true    1.05585110e+00    1.11022302e-16     134.7     
 88        94       true    2.92518840e+00    2.22044605e-16     121.4     
 89        82       true    3.17767840e+00    2.02060590e-14     106.5     
 90        73       true    4.03693746e+00    2.22044605e-16      93.8     
 91        72       true    3.88284991e+00    2.55351296e-15      98.0     
 92        91       true    2.15998856e+00    2.22044605e-16     113.1     
 93       130       true    1.72775045e+00    1.67921232e-15     164.4     
 94       123       true    2.23173890e+00    8.16013923e-15     150.9     
 95        88       true    2.59555171e+00    4.85100848e-12     112.2     
 96        73       true    1.59702414e+00    2.22044605e-16     100.0     
 97       113       true    2.92809304e+00    3.88578059e-16     145.7     
 98        89       true    4.30285217e+00    2.09610107e-13     123.0     
 99        71       true    3.34232707e+00    2.22044605e-16      88.7     
 100        77       true    5.04132204e+00    2.22044605e-16      99.5     
