 seed  iterations  status     objective           primal        wall (ms)   
  1       889       true    3.19074234e-02    1.55431223e-15     1836.5    
  2       856       true    4.51334942e-02    5.76529594e-14     1869.8    
  3       799       true    5.09933359e-02    7.28306304e-14     1726.5    
  4       694       true    5.57891785e-02    3.66285093e-13     1508.4    
  5       697       true    2.70390136e-02    2.09966216e-12     1509.2    
  6       881       true    2.67972964e-02    2.15594209e-12     1985.9    
  7       693       true    4.46681882e-02    2.77597249e-12     1459.7    
  8       771       true    2.82515539e-02    5.97038545e-12     1733.5    
  9       802       true    2.68682779e-02    6.75792755e-13     1794.8    
 10       802       true    3.09540812e-02    3.86164523e-12     1824.0    
 11       591       true    5.28190288e-02    5.21749310e-12     1283.5    
 12       692       true    6.23688912e-02    1.18127730e-13     1487.7    
 13       829       true    5.31417504e-02    2.83084667e-11     1777.1    
 14       739       true    3.06549591e-02    5.92960398e-13     1659.9    
 15      1000      false    4.05864503e-02    3.62133638e-10     2225.3    
 16       848       true    5.10525418e-02    2.21646107e-12     1852.8    
 17       526       true    4.05084865e-02    3.52162743e-13     1122.4    
 18      1000      false    4.27329966e-02    1.98159772e-07     2197.4    
 19       582       true    4.54786407e-02    7.45181694e-13     1238.7    
 20       866       true    4.97820485e-02    1.16584520e-12     1859.7    
 21      1000      false    5.22392609e-02    7.23192961e-09     2166.2    
 22       631       true    3.72359775e-02    1.12904302e-13     1337.7    
 23       947       true    4.50920157e-02    4.23570986e-12     2005.9    
 24       614       true    2.67676675e-02    2.53796983e-13     1304.7    
 25      1000      false    5.86623729e-02    1.81379279e-06     2110.5    
 26       652       true    2.48579702e-02    8.28069347e-14     1398.6    
 27       901       true    3.02035847e-02    6.54861146e-13     1930.6    
 28       489       true    3.33968475e-02    3.50674917e-12     1059.7    
 29       678       true    3.26017613e-02    4.68670820e-13     1445.6    
 30       716       true    3.97245026e-02    1.89198102e-11     1546.4    
 31       479       true    5.96389551e-02    8.88178420e-16     996.7    
 32       820       true    2.94244265e-02    1.63773103e-11     1830.1    
 33       629       true    7.37522024e-02    1.43408187e-10     1352.0    
 34       701       true    5.49777895e-02    4.55191440e-15     1518.1    
 35       484       true    2.99108463e-02    8.71837553e-14     1004.6    
 36       367       true    2.75424382e-02    1.08773520e-11     769.9    
 37      1000      false    4.84613539e-02    7.62735199e-09     2228.1    
 38       385       true    2.68308871e-02    5.63821622e-10     823.2    
 39       870       true    5.38366053e-02    9.61572811e-14     1842.9    
 40       857       true    4.89329142e-02    3.77475828e-15     1838.8    
 41       709       true    5.30673432e-02    6.71678339e-12     1494.9    
 42       748       true    3.76632654e-02    9.82685390e-13     1636.5    
 43      1000      false    2.97418302e-02    4.64979999e-11     2076.4    
 44       349       true    2.96697267e-02    1.79956050e-12     719.4    
 45       663       true    2.65841072e-02    1.41386845e-11     1352.0    
 46       833       true    5.15261180e-02    3.82396690e-11     1754.5    
 47       807       true    3.45466764e-02    5.88629145e-12     1737.5    
 48       733       true    2.86909224e-02    1.14560132e-11     1597.3    
 49       727       true    3.50855368e-02    8.88178420e-16     1505.3    
 50      1000      false    3.29069446e-02    7.52801810e-05     2164.7    
 51       712       true    3.88276808e-02    3.36188342e-14     1493.6    
 52      1000      false    5.39066530e-02    1.94722680e-09     2125.7    
 53       783       true    6.15004496e-02    1.31037471e-14     2067.8    
 54       945       true    2.64752193e-02    8.63234413e-14     2562.0    
 55       431       true    6.52076967e-02    8.88178420e-16     1124.1    
 56       598       true    4.77016412e-02    6.22224494e-13     1610.4    
 57       750       true    2.85915444e-02    2.15398455e-14     2039.8    
 58       797       true    4.26942746e-02    8.33316376e-14     1734.9    
 59       459       true    6.71279846e-02    8.88178420e-16     960.3    
 60       676       true    3.36170783e-02    1.33095544e-11     1470.7    
 61       694       true    4.22435189e-02    1.63064007e-15     1454.6    
 62       585       true    4.07510325e-02    7.68074493e-12     1255.8    
 63       377       true    3.21863780e-02    1.20141674e-11     792.4    
 64       923       true    3.38252648e-02    8.03725113e-11     2019.3    
 65       747       true    3.13596572e-02    3.76486206e-15     1564.7    
 66       551       true    3.93481868e-02    1.28425910e-10     1187.7    
 67      1000      false    2.73047452e-02    4.13744898e-11     2124.4    
 68       518       true    3.69708281e-02    8.38024095e-13     1082.7    
 69       786       true    3.07963665e-02    5.38420767e-14     1659.0    
 70      1000      false    5.13391889e-02    5.01391085e-08     2153.0    
 71       725       true    4.73904579e-02    1.15729648e-11     1505.6    
 72       858       true    4.85458078e-02    1.09756648e-12     1843.7    
 73       795       true    3.06309490e-02    1.60582972e-11     1718.1    
 74       768       true    4.43176181e-02    4.24105195e-14     1664.0    
 75       666       true    3.89037946e-02    3.27667726e-13     1380.2    
 76       732       true    4.32112574e-02    1.76938270e-10     1563.2    
 77       621       true    2.80931820e-02    4.07542013e-11     1323.6    
 78      1000      false    5.08800319e-02    6.31412612e-08     2218.3    
 79       772       true    2.91072875e-02    2.78833553e-12     1619.6    
 80       495       true    2.65713970e-02    1.20648699e-13     1038.4    
 81       824       true    4.39762263e-02    2.29896102e-11     1719.5    
 82      1000      false    3.51846974e-02    1.48873731e-11     2168.3    
 83       743       true    4.31370204e-02    8.88178420e-15     1561.4    
 84       874       true    4.06310291e-02    1.07424292e-10     1870.7    
 85       741       true    2.98412687e-02    3.27877978e-13     1572.9    
 86       750       true    2.40325241e-01    3.54236640e-11     1613.7    
 87       847       true    2.73890816e-02    8.88178420e-16     1844.4    
 88       772       true    2.64089714e-02    3.38791428e-14     1650.5    
 89       510       true    3.52658745e-02    4.74087436e-12     1071.6    
 90       542       true    4.49885348e-02    1.73212478e-12     1129.6    
 91       941       true    3.31550376e-02    3.51940699e-14     1935.7    
 92       622       true    5.04777699e-02    8.35084906e-12     1331.7    
 93       476       true    3.13930846e-02    2.38950031e-11     998.5    
 94       356       true    3.23165130e-02    2.78827529e-15     761.4    
 95       635       true    2.91067620e-02    8.20052755e-13     1307.6    
 96       684       true    3.87374173e-02    8.88178420e-16     1449.9    
 97       575       true    4.76200934e-02    7.32747196e-15     1188.2    
 98       752       true    2.59718851e-02    6.86898973e-12     1579.4    
 99       773       true    1.01376630e-01    3.15939002e-12     1661.3    
 100       845       true    3.10234437e-02    3.60757207e-11     1813.4    
