 seed  iterations  status     objective           primal        wall (ms)   
  1       140       true    1.47855129e+00    1.34892097e-14      58.1      
  2       179       true    1.95974780e+00    1.55014890e-14      72.1      
  3       221       true    2.74658051e+00    2.31828445e-14      96.2      
  4       253       true    1.12264849e+00    1.67279385e-14     112.2      
  5       137       true    1.28250921e+00    1.89570581e-14      58.9      
  6       119       true    1.02697264e+00    1.46549439e-14      49.4      
  7       329       true    1.18848925e+00    1.49463775e-14     166.4      
  8       214       true    1.15013486e+00    1.30243039e-14      93.9      
  9       177       true    1.07533831e+00    1.53323534e-14      78.4      
 10       184       true    1.00929902e+00    1.73485358e-14      92.4      
 11       229       true    1.18269525e+00    1.57651669e-14     102.2      
 12       226       true    2.02233866e+00    2.36061171e-14     101.4      
 13       221       true    2.01174316e+00    2.09138262e-14      90.5      
 14       240       true    1.16369218e+00    1.49082136e-14     108.1      
 15       196       true    1.13306987e+00    1.93664529e-14      91.1      
 16       153       true    1.26352951e+00    1.89822116e-14      75.2      
 17       150       true    1.66281544e+00    1.32671651e-14      68.8      
 18       311       true    1.19792959e+00    2.20171104e-14     147.5      
 19       179       true    1.67264543e+00    2.36893838e-14      74.3      
 20       220       true    1.13605759e+00    1.28785871e-14     103.9      
 21       125       true    1.33907591e+00    1.40720768e-14      51.9      
 22       144       true    1.18558914e+00    1.42386103e-14      72.3      
 23       281       true    1.17781024e+00    1.22206932e-14     128.8      
 24       156       true    1.16822123e+00    1.94358418e-14      62.9      
 25       190       true    1.04032589e+00    1.80411242e-14      88.1      
 26       180       true    1.44492254e+00    1.38673795e-14      75.8      
 27       172       true    1.02198750e+00    1.73645820e-14      78.2      
 28       204       true    1.01077584e+00    1.65093633e-14     105.6      
 29       264       true    1.18659479e+00    1.73264181e-14     119.6      
 30       298       true    1.23484353e+00    2.03309591e-14     136.9      
 31       316       true    1.14723829e+00    1.37667655e-14     141.7      
 32       188       true    1.59884801e+00    2.29469221e-14      79.9      
 33       276       true    1.17912905e+00    1.82215354e-14     126.5      
 34       149       true    1.68859591e+00    1.45994328e-14      64.2      
 35       208       true    1.13951456e+00    1.38916656e-14      92.5      
 36       197       true    1.19342023e+00    2.19199658e-14      84.5      
 37       143       true    1.47736399e+00    1.32064498e-14      61.1      
 38       132       true    1.08689490e+00    1.41501394e-14      53.3      
 39       185       true    1.81309070e+00    1.14630527e-14      78.6      
 40       205      false    2.20536386e+00    1.45439216e-14      81.1      
 41       248       true    1.06943286e+00    1.90195082e-14     112.7      
 42       251       true    1.07678039e+00    1.28230759e-14     118.0      
 43       156       true    1.96124434e+00    1.81243909e-14      64.6      
 44       146       true    1.02838080e+00    1.36210487e-14      70.4      
 45       176       true    1.25925985e+00    1.47659662e-14      78.0      
 46       173       true    1.69564250e+00    1.42941214e-14      78.1      
 47       133       true    1.26901558e+00    2.05052988e-14      54.4      
 48       137       true    1.14947054e+00    1.67088565e-14      56.1      
 49       164       true    1.75737938e+00    1.97550309e-14      69.8      
 50       180       true    1.04288610e+00    1.50678081e-14      86.1      
 51       293       true    1.22346261e+00    2.10942375e-14     139.9      
 52       213       true    1.99445878e+00    1.91374694e-14      98.9      
 53       267       true    1.17509332e+00    2.30857000e-14     132.6      
 54       226       true    1.20060870e+00    1.62396138e-14      97.9      
 55       179       true    1.58502022e+00    2.27942665e-14      79.0      
 56       160       true    1.69707697e+00    1.48631107e-14      68.4      
 57       155       true    1.70767250e+00    1.63619118e-14      67.1      
 58       264       true    1.15929869e+00    1.78329573e-14     113.8      
 59       196       true    1.61013789e+00    1.66533454e-14      83.1      
 60       187       true    1.12697369e+00    1.55708779e-14      79.0      
 61       148       true    1.51011034e+00    1.05748743e-14      63.6      
 62       154       true    1.62638079e+00    1.52100554e-14      64.1      
 63       176       true    1.11288825e+00    2.26012785e-14      79.5      
 64       199       true    1.11895789e+00    2.08583151e-14      90.7      
 65       148       true    1.01651414e+00    1.21291865e-14      66.9      
 66       147       true    1.47512740e+00    1.23095978e-14      65.2      
 67       140       true    1.39425420e+00    1.77011183e-14      58.4      
 68       182       true    9.82416401e-01    1.54520494e-14      77.9      
 69       181       true    1.19523412e+00    1.52551582e-14     102.9      
 70       149       true    1.40708708e+00    1.36557432e-14      69.6      
 71       263       true    1.23894475e+00    2.05252482e-14     112.1      
 72       164       true    1.73350771e+00    1.95746197e-14      72.0      
 73       221       true    1.10292383e+00    1.95607419e-14      94.3      
 74       199       true    2.04487165e+00    1.91097138e-14      81.8      
 75       152       true    1.14447044e+00    1.35308431e-14      70.1      
 76       178       true    1.50030007e+00    1.50712776e-14      76.5      
 77       276       true    1.13952522e+00    1.40772810e-14     135.7      
 78       153       true    1.57497998e+00    1.72153958e-14      67.1      
 79       184       true    1.56167186e+00    2.06779038e-14      83.1      
 80       144       true    1.02900688e+00    1.99163602e-14      64.3      
 81       210       true    1.36817843e+00    1.33504319e-14      88.7      
 82       149       true    9.88743113e-01    1.77288739e-14      67.1      
 83       185       true    1.77872756e+00    1.50157664e-14      80.4      
 84       130       true    1.56403235e+00    2.19997631e-14      55.2      
 85       186       true    1.21281303e+00    1.47659662e-14      78.5      
 86       182       true    9.41376116e-01    1.50504609e-14      84.0      
 87       142       true    1.07286905e+00    1.74200931e-14      58.7      
 88       198       true    1.86292607e+00    1.62370117e-14      83.2      
 89       250       true    1.03451406e+00    1.73090708e-14     118.1      
 90       189       true    1.63925589e+00    1.50227053e-14      88.8      
 91       167       true    1.07895281e+00    1.75415238e-14      72.1      
 92       308       true    1.13105757e+00    2.02060590e-14     137.7      
 93       157       true    1.23075195e+00    1.22124533e-14      73.0      
 94       128       true    1.51782567e+00    2.23657898e-14      55.9      
 95       166       true    9.98357267e-01    2.01227923e-14      67.7      
 96       209       true    1.01689884e+00    1.34996181e-14      93.0      
 97       139       true    1.33925673e+00    1.62647673e-14      60.1      
 98       175       true    1.32776309e+00    1.38014600e-14      75.1      
 99       154       true    1.00364892e+00    1.52100554e-14      72.0      
 100       196       true    1.11642234e+00    1.45682078e-14      92.7      
