 seed  iterations  status     objective           primal        wall (ms)   solver(ms)  
  1       473       true    3.22554841e-02    3.72199460e-10 
  2       419       true    4.53797516e-02    1.16561614e-15 
  3       341       true    4.31501795e-02    6.88720288e-15 
  4       356       true    3.02161172e-02    1.99017627e-14 
  5       368       true    2.71828635e-02    1.26755308e-11 
  6       374       true    2.67020449e-02    1.78964507e-10 
  7       420       true    4.47827125e-02    1.60401292e-14 
  8       453       true    2.79439266e-02    5.56262605e-11 
  9       306       true    2.67129609e-02    6.63058067e-17 
 10       426       true    3.09202993e-02    1.52439821e-13 
 11       210       true    5.25296265e-02    2.77555756e-17 
 12      1000      false    3.21874305e-02    3.04468034e-08 
 13       326       true    3.33648758e-02    3.36689288e-12 
 14       351       true    3.05690887e-02    3.69312664e-10 
 15       411       true    4.01799167e-02    4.16138772e-11 
 16       541       true    3.54883780e-02    3.07222636e-09 
 17       179       true    3.99719585e-02    2.55068497e-14 
 18       358       true    3.87407648e-02    4.22505820e-15 
 19       518       true    4.51499278e-02    5.05407942e-10 
 20       578       true    4.99116521e-02    1.75568813e-12 
 21       273       true    3.03695883e-02    5.89672029e-16 
 22       355       true    3.70727715e-02    2.28622689e-12 
 23       435       true    4.48777576e-02    2.77555756e-17 
 24       414       true    2.64833175e-02    1.10256911e-10 
 25       265       true    2.98168160e-02    5.41863682e-16 
 26       318       true    2.48846929e-02    2.54872598e-10 
 27       276       true    3.04649044e-02    1.24490351e-11 
 28       556       true    3.33341533e-02    2.77555756e-17 
 29       360       true    3.24447099e-02    6.04195087e-16 
 30       784       true    4.14137755e-02    3.57630798e-16 
 31       308       true    4.11039340e-02    4.46435963e-13 
 32       457       true    2.95948117e-02    2.21023882e-12 
 33       504       true    4.51858763e-02    6.38402849e-15 
 34       383       true    3.95492770e-02    1.26412032e-12 
 35       392       true    2.99438225e-02    8.74078995e-11 
 36       509       true    2.77647610e-02    5.44276893e-13 
 37       501       true    4.87218196e-02    2.15871607e-12 
 38       384       true    2.68642005e-02    3.60747461e-14 
 39       385       true    3.39189802e-02    4.98174077e-14 
 40       307       true    3.82014458e-02    1.09013874e-14 
 41       496       true    3.19153308e-02    1.98188688e-13 
 42       292       true    3.74850674e-02    2.78654534e-16 
 43       281       true    2.87921461e-02    5.55288128e-16 
 44       431       true    2.96436527e-02    5.22162381e-11 
 45       385       true    2.64604470e-02    5.75308457e-14 
 46       278       true    3.05053104e-02    5.67407988e-16 
 47       344       true    3.44934940e-02    1.38777878e-17 
 48       376       true    2.85144537e-02    3.24319767e-17 
 49       334       true    3.31263692e-02    1.64981516e-11 
 50       474       true    3.28001190e-02    1.70603920e-11 
 51       384       true    3.86739776e-02    1.76543054e-13 
 52       362       true    3.01551789e-02    5.36386912e-16 
 53       475       true    3.60760919e-02    1.55023414e-14 
 54       401       true    2.63378219e-02    4.67239482e-11 
 55       345       true    2.73948924e-02    2.24732038e-10 
 56       607       true    4.78698973e-02    3.43551921e-13 
 57       571       true    2.88443918e-02    6.57505642e-10 
 58       528       true    4.27575706e-02    2.47025514e-14 
 59       370       true    2.65340322e-02    7.47847945e-16 
 60       421       true    3.35157892e-02    4.11411946e-11 
 61       425       true    4.23222990e-02    3.40437706e-13 
 62       845      false    3.39405597e-02    8.44170887e-07 
 63       390       true    3.22526798e-02    4.32360676e-10 
 64       372       true    3.38302635e-02    1.92873254e-12 
 65       368       true    3.13465065e-02    7.85463884e-15 
 66       321       true    3.93808433e-02    2.92007498e-14 
 67       367       true    2.73064265e-02    2.76687337e-11 
 68       456       true    3.69828605e-02    2.91273927e-11 
 69       336       true    3.06641995e-02    5.57373374e-15 
 70       308       true    2.90185673e-02    1.57065965e-16 
 71       330       true    4.73820246e-02    6.53437463e-17 
 72       238       true    3.48409361e-02    4.03778435e-15 
 73       416       true    3.06681867e-02    1.03402799e-16 
 74       472       true    3.96853340e-02    3.40685321e-14 
 75       473       true    3.84429801e-02    2.92634952e-15 
 76       521       true    4.33387593e-02    1.41586270e-11 
 77       367       true    2.80199823e-02    1.51770193e-12 
 78       245       true    3.02563120e-02    2.71890241e-15 
 79       337       true    2.93084705e-02    2.83201225e-12 
 80       354       true    2.64906855e-02    1.61146370e-11 
 81       578       true    4.41962734e-02    2.16374194e-16 
 82       635       true    3.51245558e-02    1.48784714e-14 
 83       339       true    4.31343292e-02    1.09715818e-14 
 84       300       true    4.06284728e-02    5.32281327e-17 
 85       323       true    2.96543204e-02    1.21144620e-09 
 86       440       true    2.28350369e-01    2.77555756e-17 
 87       421       true    2.70951814e-02    9.44103089e-10 
 88       327       true    2.62846131e-02    1.46478898e-10 
 89       343       true    3.49892829e-02    6.50983490e-12 
 90       585       true    3.72085926e-02    2.66484838e-16 
 91       336       true    3.30778103e-02    4.66139350e-11 
 92       494       true    3.39940220e-02    7.44022899e-13 
 93       539       true    3.14498540e-02    1.04972685e-14 
 94       357       true    3.25057625e-02    1.62279071e-13 
 95       328       true    2.90634572e-02    4.16333634e-17 
 96       387       true    3.85975662e-02    1.58801051e-11 
 97       577       true    3.14889278e-02    9.20050258e-11 
 98       312       true    2.60317079e-02    3.57765146e-10 
 99       371       true    1.01384272e-01    2.77555756e-17 
 100       450       true    3.09293593e-02    6.16177064e-16 
